58,3
58,2
58,1
58,0
57,3
57,2
57,1
57,0
56,3
56,2
56,1
56,0
55,3
55,2
55,1
55,0
54,52
54,51
54,50
54,49
54,48
54,47
54,46
54,45
54,44
54,43
54,42
54,41
54,40
54,39
54,38
54,37
54,36
0,9
54,35
10,16
10,98
10,301
10,11
10,199
10,213
10,178
10,30
10,2
10,3
11,27
11,24
9,7
9,6
9,1
9,4
9,3
8,12
8,18
8,13
8,9
53,3
53,2
53,1
53,0
34,3
34,2
34,1
34,0
33,3
33,2
33,1
33,0
31,3
31,2
31,1
31,0
30,3
30,2
30,1
30,0
26,3
26,2
26,1
26,0
24,3
24,2
24,1
20,3
20,2
20,1
19,3
19,2
19,1
12,3
12,2
12,1
11,30
11,29
11,28
11,26
11,25
11,23
11,21
11,20
11,19
11,18
11,17
11,16
11,15
11,14
11,13
11,11
11,10
11,8
11,7
11,6
11,5
11,3
11,2
11,1
10,315
10,314
10,299
